*** INSTRUKCEMI RIZENY CELULARNI AUTOMAT ***

Uloha: 	SELF_ORGANIZATION
Okoli: 	MOORE
Celularni programovani: 	TRUE
Instrukce: 
318 325 310 317 327 315 319 324 314 323 
317 325 310 318 327 315 319 324 314 323 
325 310 313 309 322 321 320 317 323 318 
326 327 323 310 320 317 321 325 322 319 
326 327 323 310 322 317 321 325 320 319 
327 321 322 313 323 315 314 318 326 310 
318 319 325 315 317 321 322 323 326 313 
315 313 318 325 322 323 320 317 321 326 
315 313 322 318 325 323 316 317 324 326 
313 320 316 317 327 315 319 323 324 321 
318 325 310 317 327 315 319 324 314 323 
322 320 314 313 315 326 310 319 321 317 
326 327 323 310 322 317 321 325 320 319 
326 327 323 310 322 317 321 325 320 319 
327 321 322 313 323 315 314 318 326 310 
318 319 325 315 317 321 326 323 322 313 
315 313 322 318 325 323 320 317 321 326 
318 325 315 313 322 323 320 317 321 326 
313 320 318 325 310 317 327 315 319 324 
313 320 319 316 309 327 310 323 324 321 
309 324 327 310 325 319 315 322 326 316 
326 327 323 310 322 317 321 325 320 319 
326 327 323 310 322 317 321 325 320 319 
327 321 322 313 323 315 314 318 326 310 
318 319 325 315 317 321 326 323 322 313 
318 325 315 313 322 323 320 317 321 326 
318 325 315 313 322 323 320 317 321 326 
313 320 319 316 309 327 310 323 324 321 
324 320 309 323 315 310 322 327 317 321 
309 324 327 310 325 319 315 322 326 316 
327 323 310 322 317 321 325 320 326 319 
327 323 310 322 317 321 325 320 326 319 
327 321 322 313 323 315 314 318 326 310 
318 319 325 315 317 321 326 323 322 313 
318 325 315 313 322 323 320 317 321 326 
318 325 315 313 322 323 320 317 321 326 
324 320 309 323 315 310 322 327 317 321 
320 324 309 323 315 310 322 327 317 321 
309 324 327 310 315 319 325 322 326 316 
327 323 310 322 317 321 325 320 326 319 
327 323 310 322 317 321 325 320 326 319 
327 321 322 313 323 315 314 318 326 310 
318 325 315 317 321 326 320 323 322 313 
315 313 322 323 320 317 321 326 318 325 
313 322 323 320 317 315 321 326 318 325 
324 309 323 315 310 322 327 317 320 321 
320 309 323 315 310 322 327 317 324 321 
309 324 327 310 315 319 325 322 326 316 
327 323 310 322 317 321 325 320 326 319 
327 323 310 322 317 321 325 320 326 319 
327 321 322 313 323 315 314 318 326 310 
318 319 325 326 315 317 321 323 322 313 
315 313 322 323 320 317 321 326 318 325 
315 313 322 323 320 317 321 326 318 325 
320 309 323 315 310 322 327 317 324 321 
320 309 323 315 310 322 327 317 324 321 
309 315 310 327 324 319 325 322 326 316 
320 323 310 322 317 321 325 319 326 327 
326 327 323 310 320 317 321 325 322 319 
327 321 322 313 323 315 314 318 326 310 
318 319 325 322 315 317 321 323 326 313 
326 315 309 325 322 320 316 323 317 324 
326 315 309 325 322 320 316 323 317 324 
318 313 320 316 309 314 319 325 310 321 
320 309 323 315 310 322 327 317 324 321 
320 323 310 322 317 321 325 327 326 316 
320 323 310 322 317 321 325 319 326 327 
326 327 323 310 320 317 321 325 322 319 
327 321 322 313 323 315 314 318 326 310 
318 319 325 322 315 317 321 323 326 313 
326 315 309 325 322 320 316 323 317 324 
326 315 309 325 322 320 316 323 321 324 
318 313 319 315 326 317 320 309 324 322 
319 316 327 315 326 317 320 309 324 322 
320 323 310 322 317 321 325 327 326 316 
320 323 310 322 317 321 325 319 326 327 
326 327 323 310 320 317 321 325 322 319 
327 315 323 313 322 321 314 318 326 310 
318 319 325 315 317 321 322 323 326 313 
326 315 309 325 322 320 316 323 317 324 
326 315 309 325 322 320 316 323 321 324 

Instrukce (sebe-oprava): 
318 325 310 317 327 315 319 324 314 323 
317 325 310 318 327 315 319 324 314 323 
325 310 313 309 322 321 320 317 323 318 
326 327 323 310 320 317 321 325 322 319 
326 327 323 310 322 317 321 325 320 319 
327 321 322 313 323 315 314 318 326 310 
318 319 325 315 317 321 322 323 326 313 
315 313 318 325 322 323 320 317 321 326 
315 313 322 318 325 323 316 317 324 326 
313 320 316 317 327 315 319 323 324 321 
318 325 310 317 327 315 319 324 314 323 
322 320 314 313 315 326 310 319 321 317 
326 327 323 310 322 317 321 325 320 319 
326 327 323 310 322 317 321 325 320 319 
327 321 322 313 323 315 314 318 326 310 
318 319 325 315 317 321 326 323 322 313 
315 313 322 318 325 323 320 317 321 326 
318 325 315 313 322 323 320 317 321 326 
313 320 318 325 310 317 327 315 319 324 
313 320 319 316 309 327 310 323 324 321 
309 324 327 310 325 319 315 322 326 316 
326 327 323 310 322 317 321 325 320 319 
326 327 323 310 322 317 321 325 320 319 
327 321 322 313 323 315 314 318 326 310 
318 319 325 315 317 321 326 323 322 313 
318 325 315 313 322 323 320 317 321 326 
318 325 315 313 322 323 320 317 321 326 
313 320 319 316 309 327 310 323 324 321 
324 320 309 323 315 310 322 327 317 321 
309 324 327 310 325 319 315 322 326 316 
327 323 310 322 317 321 325 320 326 319 
327 323 310 322 317 321 325 320 326 319 
327 321 322 313 323 315 314 318 326 310 
318 319 325 315 317 321 326 323 322 313 
318 325 315 313 322 323 320 317 321 326 
318 325 315 313 322 323 320 317 321 326 
324 320 309 323 315 310 322 327 317 321 
320 324 309 323 315 310 322 327 317 321 
309 324 327 310 315 319 325 322 326 316 
327 323 310 322 317 321 325 320 326 319 
327 323 310 322 317 321 325 320 326 319 
327 321 322 313 323 315 314 318 326 310 
318 325 315 317 321 326 320 323 322 313 
315 313 322 323 320 317 321 326 318 325 
313 322 323 320 317 315 321 326 318 325 
324 309 323 315 310 322 327 317 320 321 
320 309 323 315 310 322 327 317 324 321 
309 324 327 310 315 319 325 322 326 316 
327 323 310 322 317 321 325 320 326 319 
327 323 310 322 317 321 325 320 326 319 
327 321 322 313 323 315 314 318 326 310 
318 319 325 326 315 317 321 323 322 313 
315 313 322 323 320 317 321 326 318 325 
315 313 322 323 320 317 321 326 318 325 
320 309 323 315 310 322 327 317 324 321 
320 309 323 315 310 322 327 317 324 321 
309 315 310 327 324 319 325 322 326 316 
320 323 310 322 317 321 325 319 326 327 
326 327 323 310 320 317 321 325 322 319 
327 321 322 313 323 315 314 318 326 310 
318 319 325 322 315 317 321 323 326 313 
326 315 309 325 322 320 316 323 317 324 
326 315 309 325 322 320 316 323 317 324 
318 313 320 316 309 314 319 325 310 321 
320 309 323 315 310 322 327 317 324 321 
320 323 310 322 317 321 325 327 326 316 
320 323 310 322 317 321 325 319 326 327 
326 327 323 310 320 317 321 325 322 319 
327 321 322 313 323 315 314 318 326 310 
318 319 325 322 315 317 321 323 326 313 
326 315 309 325 322 320 316 323 317 324 
326 315 309 325 322 320 316 323 321 324 
318 313 319 315 326 317 320 309 324 322 
319 316 327 315 326 317 320 309 324 322 
320 323 310 322 317 321 325 327 326 316 
320 323 310 322 317 321 325 319 326 327 
326 327 323 310 320 317 321 325 322 319 
327 315 323 313 322 321 314 318 326 310 
318 319 325 315 317 321 322 323 326 313 
326 315 309 325 322 320 316 323 317 324 
326 315 309 325 322 320 316 323 321 324 

*** PARAMETRY BEHU GA ***
1000	 # dokoncena generace behu vypoctu
10	 # pocet instrukci v ramci chromozomu
3430	 # pocet aplikaci operatoru krizeni od inicializace
8119	 # pocet aplikaci operatoru mutace od inicializace
2002	 # pocet ohodnoceni genomu od inicializace
10	 # pocet vzorku v trenovaci mnozine
9	 # rozmer mrizky vzorku z trenovaci mnoziny
10	 # pocet vzorku v trenovaci mnozine

*** CELKOVE STATISTIKY ***
20.29173s	 # doba behu vypoctu
0.822275	 # prumerne fitness od inicializace
0.938272	 # nejlepsi fitness od inicializace

*** MEZIVYSLEDKY ***
0 	0.0123 
1 	0.0123 
2 	0.0123 
3 	0.0123 
4 	0.0123 
5 	0.0123 
6 	0.0123 
7 	0.0123 
8 	0.0123 
9 	0.0123 
10 	0.0123 
11 	0.0123 
12 	0.0123 
13 	0.0123 
14 	0.0123 
15 	0.0123 
16 	0.0123 
17 	0.0123 
18 	0.0247 
19 	0.037 
20 	0.0494 
21 	0.0494 
22 	0.0123 
23 	0.0123 
24 	0.0123 
25 	0.0123 
26 	0.0123 
27 	0.0123 
28 	0.0123 
29 	0.0123 
30 	0.0123 
31 	0.0123 
32 	0.0123 
33 	0.0123 
34 	0.0123 
35 	0.0123 
36 	0.0123 
37 	0.0123 
38 	0.0123 
39 	0.0123 
40 	0.0123 
41 	0.0123 
42 	0.0123 
43 	0.0123 
44 	0.0247 
45 	0.037 
46 	0.0494 
47 	0.0617 
48 	0.0741 
49 	0.0864 
50 	0.111 
51 	0.111 
52 	0.111 
53 	0.136 
54 	0.173 
55 	0.198 
56 	0.198 
57 	0.21 
58 	0.21 
59 	0.21 
60 	0.21 
61 	0.21 
62 	0.222 
63 	0.21 
64 	0.222 
65 	0.222 
66 	0.222 
67 	0.222 
68 	0.222 
69 	0.222 
70 	0.247 
71 	0.235 
72 	0.259 
73 	0.284 
74 	0.296 
75 	0.296 
76 	0.309 
77 	0.309 
78 	0.321 
79 	0.333 
80 	0.333 
81 	0.309 
82 	0.346 
83 	0.395 
84 	0.469 
85 	0.494 
86 	0.543 
87 	0.58 
88 	0.605 
89 	0.63 
90 	0.617 
91 	0.432 
92 	0.481 
93 	0.494 
94 	0.519 
95 	0.519 
96 	0.519 
97 	0.519 
98 	0.531 
99 	0.531 
100 	0.519 
101 	0.506 
102 	0.519 
103 	0.519 
104 	0.531 
105 	0.531 
106 	0.531 
107 	0.556 
108 	0.568 
109 	0.593 
110 	0.617 
111 	0.531 
112 	0.531 
113 	0.531 
114 	0.531 
115 	0.531 
116 	0.531 
117 	0.531 
118 	0.531 
119 	0.531 
120 	0.531 
121 	0.531 
122 	0.543 
123 	0.568 
124 	0.593 
125 	0.617 
126 	0.642 
127 	0.642 
128 	0.642 
129 	0.642 
130 	0.642 
131 	0.593 
132 	0.617 
133 	0.617 
134 	0.63 
135 	0.63 
136 	0.63 
137 	0.63 
138 	0.63 
139 	0.63 
140 	0.642 
141 	0.642 
142 	0.654 
143 	0.691 
144 	0.716 
145 	0.741 
146 	0.753 
147 	0.815 
148 	0.864 
149 	0.877 
150 	0.877 
151 	0.753 
152 	0.79 
153 	0.815 
154 	0.852 
155 	0.889 
156 	0.889 
157 	0.901 
158 	0.901 
159 	0.914 
160 	0.914 
161 	0.889 
162 	0.914 
163 	0.914 
164 	0.914 
165 	0.914 
166 	0.914 
167 	0.914 
168 	0.914 
169 	0.914 
170 	0.914 
171 	0.901 
172 	0.901 
173 	0.901 
174 	0.901 
175 	0.901 
176 	0.901 
177 	0.914 
178 	0.914 
179 	0.914 
180 	0.914 
181 	0.901 
182 	0.914 
183 	0.914 
184 	0.914 
185 	0.914 
186 	0.914 
187 	0.914 
188 	0.914 
189 	0.914 
190 	0.914 
191 	0.901 
192 	0.901 
193 	0.901 
194 	0.901 
195 	0.901 
196 	0.901 
197 	0.901 
198 	0.901 
199 	0.901 
200 	0.901 
201 	0.901 
202 	0.901 
203 	0.901 
204 	0.901 
205 	0.901 
206 	0.901 
207 	0.901 
208 	0.901 
209 	0.901 
210 	0.901 
211 	0.901 
212 	0.914 
213 	0.914 
214 	0.914 
215 	0.914 
216 	0.914 
217 	0.914 
218 	0.914 
219 	0.914 
220 	0.914 
221 	0.901 
222 	0.901 
223 	0.901 
224 	0.901 
225 	0.901 
226 	0.901 
227 	0.901 
228 	0.901 
229 	0.901 
230 	0.901 
231 	0.901 
232 	0.914 
233 	0.914 
234 	0.914 
235 	0.914 
236 	0.914 
237 	0.914 
238 	0.914 
239 	0.914 
240 	0.914 
241 	0.901 
242 	0.901 
243 	0.901 
244 	0.901 
245 	0.901 
246 	0.901 
247 	0.901 
248 	0.901 
249 	0.901 
250 	0.901 
251 	0.901 
252 	0.901 
253 	0.901 
254 	0.901 
255 	0.901 
256 	0.901 
257 	0.901 
258 	0.901 
259 	0.901 
260 	0.901 
261 	0.901 
262 	0.901 
263 	0.901 
264 	0.901 
265 	0.901 
266 	0.901 
267 	0.901 
268 	0.901 
269 	0.901 
270 	0.901 
271 	0.901 
272 	0.901 
273 	0.914 
274 	0.914 
275 	0.914 
276 	0.914 
277 	0.914 
278 	0.914 
279 	0.914 
280 	0.914 
281 	0.901 
282 	0.901 
283 	0.901 
284 	0.901 
285 	0.901 
286 	0.901 
287 	0.901 
288 	0.901 
289 	0.901 
290 	0.901 
291 	0.901 
292 	0.901 
293 	0.901 
294 	0.901 
295 	0.901 
296 	0.901 
297 	0.901 
298 	0.901 
299 	0.901 
300 	0.901 
301 	0.901 
302 	0.901 
303 	0.901 
304 	0.901 
305 	0.901 
306 	0.901 
307 	0.901 
308 	0.901 
309 	0.901 
310 	0.901 
311 	0.901 
312 	0.914 
313 	0.914 
314 	0.914 
315 	0.914 
316 	0.914 
317 	0.926 
318 	0.926 
319 	0.926 
320 	0.914 
321 	0.914 
322 	0.914 
323 	0.926 
324 	0.926 
325 	0.914 
326 	0.926 
327 	0.914 
328 	0.914 
329 	0.914 
330 	0.914 
331 	0.901 
332 	0.901 
333 	0.901 
334 	0.901 
335 	0.901 
336 	0.901 
337 	0.901 
338 	0.901 
339 	0.901 
340 	0.901 
341 	0.901 
342 	0.901 
343 	0.901 
344 	0.901 
345 	0.901 
346 	0.901 
347 	0.901 
348 	0.901 
349 	0.901 
350 	0.901 
351 	0.901 
352 	0.901 
353 	0.901 
354 	0.901 
355 	0.901 
356 	0.901 
357 	0.901 
358 	0.901 
359 	0.901 
360 	0.901 
361 	0.901 
362 	0.901 
363 	0.901 
364 	0.901 
365 	0.901 
366 	0.901 
367 	0.901 
368 	0.901 
369 	0.901 
370 	0.901 
371 	0.914 
372 	0.914 
373 	0.914 
374 	0.914 
375 	0.914 
376 	0.914 
377 	0.914 
378 	0.914 
379 	0.914 
380 	0.914 
381 	0.901 
382 	0.901 
383 	0.901 
384 	0.901 
385 	0.901 
386 	0.901 
387 	0.901 
388 	0.901 
389 	0.901 
390 	0.901 
391 	0.901 
392 	0.901 
393 	0.901 
394 	0.901 
395 	0.901 
396 	0.901 
397 	0.901 
398 	0.901 
399 	0.901 
400 	0.901 
401 	0.901 
402 	0.914 
403 	0.914 
404 	0.914 
405 	0.914 
406 	0.914 
407 	0.914 
408 	0.914 
409 	0.914 
410 	0.914 
411 	0.901 
412 	0.901 
413 	0.901 
414 	0.901 
415 	0.901 
416 	0.901 
417 	0.901 
418 	0.901 
419 	0.901 
420 	0.901 
421 	0.901 
422 	0.901 
423 	0.901 
424 	0.901 
425 	0.901 
426 	0.901 
427 	0.901 
428 	0.901 
429 	0.901 
430 	0.901 
431 	0.901 
432 	0.901 
433 	0.901 
434 	0.901 
435 	0.901 
436 	0.914 
437 	0.914 
438 	0.914 
439 	0.914 
440 	0.914 
441 	0.901 
442 	0.901 
443 	0.901 
444 	0.901 
445 	0.901 
446 	0.901 
447 	0.901 
448 	0.901 
449 	0.901 
450 	0.901 
451 	0.901 
452 	0.901 
453 	0.901 
454 	0.901 
455 	0.901 
456 	0.901 
457 	0.901 
458 	0.901 
459 	0.901 
460 	0.901 
461 	0.901 
462 	0.901 
463 	0.901 
464 	0.901 
465 	0.901 
466 	0.901 
467 	0.901 
468 	0.901 
469 	0.901 
470 	0.901 
471 	0.901 
472 	0.901 
473 	0.901 
474 	0.901 
475 	0.901 
476 	0.901 
477 	0.901 
478 	0.901 
479 	0.901 
480 	0.901 
481 	0.901 
482 	0.901 
483 	0.901 
484 	0.901 
485 	0.901 
486 	0.901 
487 	0.901 
488 	0.901 
489 	0.901 
490 	0.901 
491 	0.901 
492 	0.901 
493 	0.901 
494 	0.901 
495 	0.901 
496 	0.901 
497 	0.901 
498 	0.901 
499 	0.901 
500 	0.901 
501 	0.901 
502 	0.901 
503 	0.901 
504 	0.901 
505 	0.901 
506 	0.901 
507 	0.901 
508 	0.901 
509 	0.901 
510 	0.901 
511 	0.901 
512 	0.901 
513 	0.901 
514 	0.901 
515 	0.901 
516 	0.901 
517 	0.901 
518 	0.901 
519 	0.901 
520 	0.901 
521 	0.901 
522 	0.901 
523 	0.901 
524 	0.901 
525 	0.901 
526 	0.901 
527 	0.901 
528 	0.901 
529 	0.901 
530 	0.901 
531 	0.901 
532 	0.901 
533 	0.901 
534 	0.901 
535 	0.901 
536 	0.901 
537 	0.901 
538 	0.901 
539 	0.901 
540 	0.901 
541 	0.901 
542 	0.901 
543 	0.901 
544 	0.901 
545 	0.901 
546 	0.901 
547 	0.901 
548 	0.901 
549 	0.901 
550 	0.901 
551 	0.901 
552 	0.914 
553 	0.914 
554 	0.914 
555 	0.914 
556 	0.914 
557 	0.914 
558 	0.914 
559 	0.914 
560 	0.914 
561 	0.901 
562 	0.901 
563 	0.901 
564 	0.914 
565 	0.914 
566 	0.914 
567 	0.914 
568 	0.914 
569 	0.926 
570 	0.926 
571 	0.901 
572 	0.901 
573 	0.901 
574 	0.901 
575 	0.901 
576 	0.901 
577 	0.901 
578 	0.901 
579 	0.901 
580 	0.901 
581 	0.901 
582 	0.914 
583 	0.914 
584 	0.926 
585 	0.926 
586 	0.914 
587 	0.914 
588 	0.914 
589 	0.926 
590 	0.926 
591 	0.901 
592 	0.901 
593 	0.901 
594 	0.901 
595 	0.901 
596 	0.901 
597 	0.901 
598 	0.901 
599 	0.901 
600 	0.901 
601 	0.901 
602 	0.901 
603 	0.901 
604 	0.901 
605 	0.914 
606 	0.914 
607 	0.914 
608 	0.914 
609 	0.914 
610 	0.914 
611 	0.901 
612 	0.914 
613 	0.914 
614 	0.914 
615 	0.914 
616 	0.914 
617 	0.914 
618 	0.914 
619 	0.914 
620 	0.914 
621 	0.901 
622 	0.901 
623 	0.901 
624 	0.901 
625 	0.901 
626 	0.901 
627 	0.901 
628 	0.901 
629 	0.901 
630 	0.901 
631 	0.914 
632 	0.914 
633 	0.914 
634 	0.914 
635 	0.914 
636 	0.914 
637 	0.914 
638 	0.914 
639 	0.914 
640 	0.914 
641 	0.914 
642 	0.914 
643 	0.914 
644 	0.914 
645 	0.914 
646 	0.914 
647 	0.914 
648 	0.914 
649 	0.914 
650 	0.914 
651 	0.914 
652 	0.914 
653 	0.914 
654 	0.914 
655 	0.914 
656 	0.914 
657 	0.914 
658 	0.914 
659 	0.914 
660 	0.926 
661 	0.914 
662 	0.914 
663 	0.914 
664 	0.914 
665 	0.914 
666 	0.914 
667 	0.914 
668 	0.914 
669 	0.914 
670 	0.914 
671 	0.914 
672 	0.914 
673 	0.926 
674 	0.926 
675 	0.926 
676 	0.926 
677 	0.926 
678 	0.926 
679 	0.926 
680 	0.926 
681 	0.914 
682 	0.914 
683 	0.914 
684 	0.914 
685 	0.914 
686 	0.914 
687 	0.914 
688 	0.914 
689 	0.914 
690 	0.914 
691 	0.926 
692 	0.938 
693 	0.938 
694 	0.938 
695 	0.938 
696 	0.938 
697 	0.938 
698 	0.926 
699 	0.938 
700 	0.938 
701 	0.914 
702 	0.926 
703 	0.938 
704 	0.938 
705 	0.938 
706 	0.938 
707 	0.938 
708 	0.938 
709 	0.938 
710 	0.938 
711 	0.914 
712 	0.914 
713 	0.914 
714 	0.914 
715 	0.914 
716 	0.914 
717 	0.914 
718 	0.914 
719 	0.914 
720 	0.914 
721 	0.926 
722 	0.938 
723 	0.938 
724 	0.938 
725 	0.938 
726 	0.938 
727 	0.938 
728 	0.938 
729 	0.938 
730 	0.938 
731 	0.914 
732 	0.914 
733 	0.914 
734 	0.914 
735 	0.914 
736 	0.914 
737 	0.914 
738 	0.914 
739 	0.914 
740 	0.914 
741 	0.914 
742 	0.926 
743 	0.926 
744 	0.926 
745 	0.926 
746 	0.926 
747 	0.926 
748 	0.926 
749 	0.926 
750 	0.926 
751 	0.914 
752 	0.914 
753 	0.914 
754 	0.914 
755 	0.914 
756 	0.914 
757 	0.914 
758 	0.914 
759 	0.914 
760 	0.914 
761 	0.914 
762 	0.914 
763 	0.914 
764 	0.914 
765 	0.914 
766 	0.914 
767 	0.914 
768 	0.914 
769 	0.914 
770 	0.914 
771 	0.914 
772 	0.914 
773 	0.914 
774 	0.914 
775 	0.914 
776 	0.914 
777 	0.914 
778 	0.914 
779 	0.914 
780 	0.914 
781 	0.914 
782 	0.926 
783 	0.926 
784 	0.926 
785 	0.926 
786 	0.926 
787 	0.926 
788 	0.926 
789 	0.926 
790 	0.926 
791 	0.914 
792 	0.914 
793 	0.914 
794 	0.914 
795 	0.914 
796 	0.914 
797 	0.914 
798 	0.914 
799 	0.914 
800 	0.914 
801 	0.914 
802 	0.914 
803 	0.914 
804 	0.914 
805 	0.914 
806 	0.914 
807 	0.914 
808 	0.914 
809 	0.914 
810 	0.914 
811 	0.914 
812 	0.914 
813 	0.914 
814 	0.914 
815 	0.914 
816 	0.914 
817 	0.914 
818 	0.914 
819 	0.914 
820 	0.914 
821 	0.926 
822 	0.938 
823 	0.926 
824 	0.926 
825 	0.926 
826 	0.926 
827 	0.926 
828 	0.926 
829 	0.926 
830 	0.938 
831 	0.914 
832 	0.926 
833 	0.938 
834 	0.938 
835 	0.938 
836 	0.938 
837 	0.938 
838 	0.938 
839 	0.938 
840 	0.938 
841 	0.914 
842 	0.914 
843 	0.914 
844 	0.914 
845 	0.914 
846 	0.914 
847 	0.914 
848 	0.914 
849 	0.914 
850 	0.914 
851 	0.914 
852 	0.914 
853 	0.914 
854 	0.914 
855 	0.914 
856 	0.914 
857 	0.914 
858 	0.914 
859 	0.914 
860 	0.914 
861 	0.926 
862 	0.926 
863 	0.926 
864 	0.926 
865 	0.926 
866 	0.926 
867 	0.926 
868 	0.926 
869 	0.926 
870 	0.926 
871 	0.914 
872 	0.914 
873 	0.914 
874 	0.914 
875 	0.914 
876 	0.914 
877 	0.914 
878 	0.914 
879 	0.914 
880 	0.914 
881 	0.926 
882 	0.926 
883 	0.938 
884 	0.926 
885 	0.938 
886 	0.938 
887 	0.938 
888 	0.938 
889 	0.926 
890 	0.926 
891 	0.914 
892 	0.914 
893 	0.914 
894 	0.914 
895 	0.914 
896 	0.914 
897 	0.914 
898 	0.914 
899 	0.914 
900 	0.914 
901 	0.914 
902 	0.914 
903 	0.914 
904 	0.914 
905 	0.914 
906 	0.914 
907 	0.914 
908 	0.914 
909 	0.914 
910 	0.926 
911 	0.914 
912 	0.914 
913 	0.926 
914 	0.926 
915 	0.938 
916 	0.938 
917 	0.938 
918 	0.938 
919 	0.926 
920 	0.938 
921 	0.914 
922 	0.914 
923 	0.914 
924 	0.914 
925 	0.914 
926 	0.914 
927 	0.914 
928 	0.914 
929 	0.914 
930 	0.914 
931 	0.914 
932 	0.914 
933 	0.914 
934 	0.914 
935 	0.914 
936 	0.914 
937 	0.914 
938 	0.914 
939 	0.914 
940 	0.914 
941 	0.914 
942 	0.914 
943 	0.914 
944 	0.914 
945 	0.914 
946 	0.914 
947 	0.914 
948 	0.914 
949 	0.914 
950 	0.914 
951 	0.926 
952 	0.926 
953 	0.926 
954 	0.926 
955 	0.926 
956 	0.926 
957 	0.926 
958 	0.926 
959 	0.914 
960 	0.926 
961 	0.914 
962 	0.914 
963 	0.914 
964 	0.914 
965 	0.914 
966 	0.914 
967 	0.914 
968 	0.914 
969 	0.914 
970 	0.926 
971 	0.926 
972 	0.938 
973 	0.938 
974 	0.938 
975 	0.938 
976 	0.938 
977 	0.938 
978 	0.938 
979 	0.938 
980 	0.938 
981 	0.914 
982 	0.914 
983 	0.926 
984 	0.926 
985 	0.926 
986 	0.926 
987 	0.926 
988 	0.926 
989 	0.926 
990 	0.926 
991 	0.914 
992 	0.914 
993 	0.914 
994 	0.914 
995 	0.914 
996 	0.914 
997 	0.914 
998 	0.914 
999 	0.914 
1000 	0.914 

*** MEZIVYSLEDKY (SEBE-OPRAVA) ***
0 	9.43 
1 	0.868 
2 	0.848 
3 	0.877 
4 	0.896 
5 	0.898 
6 	0.856 
7 	0.88 
8 	0.875 
9 	0.877 
10 	0.853 
11 	0.858 
12 	0.89 
13 	0.852 
14 	0.838 
15 	0.877 
16 	0.867 
17 	0.83 
18 	0.889 
19 	0.862 
20 	0.867 
21 	0.88 
22 	0.875 
23 	0.902 
24 	0.879 
25 	0.865 
26 	0.865 
27 	0.877 
28 	0.87 
29 	0.87 
30 	0.885 
31 	0.878 
32 	0.922 
33 	0.926 
34 	0.904 
35 	0.904 
36 	0.916 
37 	0.915 
38 	0.916 
39 	0.898 
40 	0.909 
41 	0.885 
42 	0.862 
43 	0.856 
44 	0.854 
45 	0.852 
46 	0.9 
47 	0.869 
48 	0.868 
49 	0.863 
50 	0.883 
51 	0.857 
52 	0.886 
53 	0.83 
54 	0.856 
55 	0.867 
56 	0.872 
57 	0.885 
58 	0.89 
59 	0.875 
60 	0.881 
61 	0.879 
62 	0.891 
63 	0.88 
64 	0.875 
65 	0.894 
66 	0.896 
67 	0.893 
68 	0.889 
69 	0.899 
70 	0.9 
71 	0.899 
72 	0.899 
73 	0.898 
74 	0.893 
75 	0.905 
76 	0.907 
77 	0.895 
78 	0.915 
79 	0.9 
80 	0.899 
81 	0.881 
82 	0.888 
83 	0.895 
84 	0.894 
85 	0.881 
86 	0.89 
87 	0.89 
88 	0.874 
89 	0.879 
90 	0.875 
91 	0.888 
92 	0.893 
93 	0.895 
94 	0.888 
95 	0.896 
96 	0.883 
97 	0.889 
98 	0.881 
99 	0.891 
100 	0.889 
101 	0.883 
102 	0.901 
103 	0.895 
104 	0.904 
105 	0.899 
106 	0.91 
107 	0.899 
108 	0.896 
109 	0.893 
110 	0.898 
111 	0.895 
112 	0.894 
113 	0.875 
114 	0.89 
115 	0.909 
116 	0.895 
117 	0.907 
118 	0.909 
119 	0.9 
120 	0.898 
121 	0.898 
122 	0.896 
123 	0.886 
124 	0.894 
125 	0.888 
126 	0.886 
127 	0.883 
128 	0.872 
129 	0.895 
130 	0.886 
131 	0.886 
132 	0.881 
133 	0.881 
134 	0.875 
135 	0.884 
136 	0.884 
137 	0.891 
138 	0.881 
139 	0.895 
140 	0.888 
141 	0.896 
142 	0.891 
143 	0.888 
144 	0.889 
145 	0.89 
146 	0.883 
147 	0.884 
148 	0.878 
149 	0.878 
150 	0.886 
151 	0.888 
152 	0.877 
153 	0.889 
154 	0.869 
155 	0.856 
156 	0.868 
157 	0.863 
158 	0.868 
159 	0.857 
160 	0.844 
161 	0.849 
162 	0.859 
163 	0.869 
164 	0.86 
165 	0.857 
166 	0.888 
167 	0.856 
168 	0.867 
169 	0.864 
170 	0.868 
171 	0.865 
172 	0.865 
173 	0.872 
174 	0.875 
175 	0.879 
176 	0.863 
177 	0.857 
178 	0.872 
179 	0.867 
180 	0.867 
181 	0.883 
182 	0.849 
183 	0.84 
184 	0.869 
185 	0.88 
186 	0.88 
187 	0.874 
188 	0.888 
189 	0.891 
190 	0.884 
191 	0.906 
192 	0.902 
193 	0.917 
194 	0.91 
195 	0.899 
196 	0.902 
197 	0.902 
198 	0.902 
199 	0.902 
200 	0.902 
201 	0.91 
202 	0.91 
203 	0.91 
204 	0.915 
205 	0.916 
206 	0.919 
207 	0.916 
208 	0.921 
209 	0.922 
210 	0.92 
211 	0.915 
212 	0.923 
213 	0.923 
214 	0.911 
215 	0.911 
216 	0.911 
217 	0.914 
218 	0.911 
219 	0.902 
220 	0.911 
221 	0.911 
222 	0.911 
223 	0.911 
224 	0.911 
225 	0.911 
226 	0.911 
227 	0.916 
228 	0.901 
229 	0.905 
230 	0.912 
231 	0.915 
232 	0.911 
233 	0.911 
234 	0.917 
235 	0.901 
236 	0.911 
237 	0.922 
238 	0.922 
239 	0.932 
240 	0.936 
241 	0.93 
242 	0.931 
243 	0.931 
244 	0.931 
245 	0.926 
246 	0.936 
247 	0.926 
248 	0.925 
249 	0.923 
250 	0.916 
251 	0.931 
252 	0.931 
253 	0.923 
254 	0.906 
255 	0.914 
256 	0.915 
257 	0.923 
258 	0.923 
259 	0.923 
260 	0.909 
261 	0.914 
262 	0.923 
263 	0.923 
264 	0.923 
265 	0.896 
266 	0.889 
267 	0.907 
268 	0.906 
269 	0.904 
270 	0.88 
271 	0.915 
272 	0.914 
273 	0.898 
274 	0.898 
275 	0.9 
276 	0.9 
277 	0.899 
278 	0.899 
279 	0.909 
280 	0.888 
281 	0.888 
282 	0.888 
283 	0.859 
284 	0.859 
285 	0.859 
286 	0.859 
287 	0.889 
288 	0.896 
289 	0.9 
290 	0.902 
291 	0.901 
292 	0.901 
293 	0.901 
294 	0.901 
295 	0.904 
296 	0.904 
297 	0.911 
298 	0.911 
299 	0.911 
300 	0.911 
301 	0.911 
302 	0.921 
303 	0.921 
304 	0.921 
305 	0.923 
306 	0.923 
307 	0.923 
308 	0.923 
309 	0.923 
310 	0.923 
311 	0.923 
312 	0.932 
313 	0.932 
314 	0.935 
315 	0.915 
316 	0.922 
317 	0.922 
318 	0.922 
319 	0.922 
320 	0.922 
321 	0.922 
322 	0.933 
323 	0.933 
324 	0.933 
325 	0.936 
326 	0.936 
327 	0.937 
328 	0.935 
329 	0.935 
330 	0.935 
331 	0.943 
332 	0.943 
333 	0.943 
334 	0.943 
335 	0.944 
336 	0.944 
337 	0.944 
338 	0.935 
339 	0.925 
340 	0.935 
341 	0.942 
342 	0.932 
343 	0.932 
344 	0.932 
345 	0.941 
346 	0.941 
347 	0.941 
348 	0.941 
349 	0.941 
350 	0.942 
351 	0.935 
352 	0.942 
353 	0.949 
354 	0.949 
355 	0.949 
356 	0.949 
357 	0.949 
358 	0.948 
359 	0.948 
360 	0.943 
361 	0.948 
362 	0.948 
363 	0.948 
364 	0.942 
365 	0.948 
366 	0.948 
367 	0.948 
368 	0.948 
369 	0.941 
370 	0.941 
371 	0.941 
372 	0.933 
373 	0.941 
374 	0.923 
375 	0.917 
376 	0.917 
377 	0.917 
378 	0.917 
379 	0.917 
380 	0.917 
381 	0.917 
382 	0.917 
383 	0.917 
384 	0.917 
385 	0.917 
386 	0.927 
387 	0.927 
388 	0.927 
389 	0.927 
390 	0.926 
391 	0.925 
392 	0.925 
393 	0.925 
394 	0.916 
395 	0.922 
396 	0.916 
397 	0.916 
398 	0.916 
399 	0.916 
400 	0.923 
401 	0.927 
402 	0.927 
403 	0.927 
404 	0.926 
405 	0.927 
406 	0.919 
407 	0.928 
408 	0.927 
409 	0.928 
410 	0.931 
411 	0.937 
412 	0.937 
413 	0.937 
414 	0.943 
415 	0.941 
416 	0.941 
417 	0.941 
418 	0.941 
419 	0.941 
420 	0.941 
421 	0.94 
422 	0.938 
423 	0.94 
424 	0.94 
425 	0.94 
426 	0.94 
427 	0.941 
428 	0.942 
429 	0.938 
430 	0.931 
431 	0.931 
432 	0.931 
433 	0.922 
434 	0.922 
435 	0.922 
436 	0.922 
437 	0.922 
438 	0.935 
439 	0.935 
440 	0.935 
441 	0.935 
442 	0.935 
443 	0.933 
444 	0.933 
445 	0.933 
446 	0.933 
447 	0.933 
448 	0.933 
449 	0.933 
450 	0.933 
451 	0.923 
452 	0.923 
453 	0.941 
454 	0.94 
455 	0.94 
456 	0.94 
457 	0.94 
458 	0.941 
459 	0.941 
460 	0.941 
461 	0.941 
462 	0.947 
463 	0.941 
464 	0.941 
465 	0.941 
466 	0.947 
467 	0.941 
468 	0.951 
469 	0.941 
470 	0.941 
471 	0.941 
472 	0.941 
473 	0.941 
474 	0.941 
475 	0.941 
476 	0.941 
477 	0.941 
478 	0.941 
479 	0.941 
480 	0.941 
481 	0.941 
482 	0.941 
483 	0.94 
484 	0.941 
485 	0.941 
486 	0.941 
487 	0.941 
488 	0.951 
489 	0.941 
490 	0.941 
491 	0.941 
492 	0.932 
493 	0.941 
494 	0.941 
495 	0.941 
496 	0.942 
497 	0.942 
498 	0.942 
499 	0.952 
500 	0.935 
501 	0.935 
502 	0.935 
503 	0.936 
504 	0.935 
505 	0.935 
506 	0.935 
507 	0.935 
508 	0.942 
509 	0.935 
510 	0.935 
511 	0.935 
512 	0.936 
513 	0.936 
514 	0.936 
515 	0.936 
516 	0.936 
517 	0.936 
518 	0.936 
519 	0.936 
520 	0.936 
521 	0.936 
522 	0.943 
523 	0.943 
524 	0.936 
525 	0.936 
526 	0.936 
527 	0.936 
528 	0.936 
529 	0.936 
530 	0.936 
531 	0.936 
532 	0.943 
533 	0.951 
534 	0.951 
535 	0.951 
536 	0.951 
537 	0.951 
538 	0.951 
539 	0.951 
540 	0.951 
541 	0.951 
542 	0.951 
543 	0.951 
544 	0.962 
545 	0.962 
546 	0.965 
547 	0.962 
548 	0.933 
549 	0.926 
550 	0.926 
551 	0.926 
552 	0.916 
553 	0.916 
554 	0.916 
555 	0.926 
556 	0.926 
557 	0.938 
558 	0.938 
559 	0.938 
560 	0.938 
561 	0.938 
562 	0.938 
563 	0.938 
564 	0.938 
565 	0.944 
566 	0.944 
567 	0.932 
568 	0.932 
569 	0.942 
570 	0.942 
571 	0.942 
572 	0.942 
573 	0.942 
574 	0.942 
575 	0.943 
576 	0.943 
577 	0.943 
578 	0.944 
579 	0.944 
580 	0.944 
581 	0.944 
582 	0.944 
583 	0.944 
584 	0.953 
585 	0.953 
586 	0.953 
587 	0.953 
588 	0.953 
589 	0.946 
590 	0.956 
591 	0.947 
592 	0.947 
593 	0.947 
594 	0.947 
595 	0.956 
596 	0.956 
597 	0.956 
598 	0.956 
599 	0.946 
600 	0.946 
601 	0.946 
602 	0.946 
603 	0.946 
604 	0.946 
605 	0.946 
606 	0.946 
607 	0.959 
608 	0.959 
609 	0.948 
610 	0.948 
611 	0.948 
612 	0.948 
613 	0.954 
614 	0.954 
615 	0.954 
616 	0.954 
617 	0.954 
618 	0.954 
619 	0.954 
620 	0.954 
621 	0.954 
622 	0.954 
623 	0.954 
624 	0.946 
625 	0.946 
626 	0.946 
627 	0.946 
628 	0.946 
629 	0.946 
630 	0.946 
631 	0.946 
632 	0.946 
633 	0.946 
634 	0.946 
635 	0.946 
636 	0.946 
637 	0.946 
638 	0.946 
639 	0.946 
640 	0.946 
641 	0.954 
642 	0.954 
643 	0.954 
644 	0.954 
645 	0.963 
646 	0.963 
647 	0.963 
648 	0.963 
649 	0.963 
650 	0.963 
651 	0.963 
652 	0.963 
653 	0.963 
654 	0.963 
655 	0.963 
656 	0.963 
657 	0.963 
658 	0.963 
659 	0.963 
660 	0.963 
661 	0.963 
662 	0.963 
663 	0.952 
664 	0.952 
665 	0.952 
666 	0.952 
667 	0.952 
668 	0.952 
669 	0.952 
670 	0.963 
671 	0.963 
672 	0.963 
673 	0.963 
674 	0.963 
675 	0.963 
676 	0.963 
677 	0.963 
678 	0.963 
679 	0.963 
680 	0.963 
681 	0.963 
682 	0.963 
683 	0.963 
684 	0.953 
685 	0.953 
686 	0.953 
687 	0.953 
688 	0.964 
689 	0.964 
690 	0.964 
691 	0.964 
692 	0.964 
693 	0.964 
694 	0.974 
695 	0.974 
696 	0.974 
697 	0.978 
698 	0.968 
699 	0.968 
700 	0.968 
701 	0.978 
702 	0.978 
703 	0.978 
704 	0.978 
705 	0.978 
706 	0.978 
707 	0.978 
708 	0.978 
709 	0.978 
710 	0.978 
711 	0.978 
712 	0.968 
713 	0.968 
714 	0.968 
715 	0.968 
716 	0.968 
717 	0.968 
718 	0.968 
719 	0.968 
720 	0.968 
721 	0.968 
722 	0.968 
723 	0.968 
724 	0.968 
725 	0.968 
726 	0.968 
727 	0.968 
728 	0.968 
729 	0.968 
730 	0.968 
731 	0.968 
732 	0.968 
733 	0.968 
734 	0.968 
735 	0.968 
736 	0.968 
737 	0.968 
738 	0.968 
739 	0.968 
740 	0.968 
741 	0.978 
742 	0.978 
743 	0.968 
744 	0.968 
745 	0.968 
746 	0.968 
747 	0.968 
748 	0.968 
749 	0.968 
750 	0.968 
751 	0.968 
752 	0.968 
753 	0.968 
754 	0.968 
755 	0.968 
756 	0.968 
757 	0.968 
758 	0.968 
759 	0.968 
760 	0.968 
761 	0.958 
762 	0.958 
763 	0.958 
764 	0.968 
765 	0.978 
766 	0.978 
767 	0.978 
768 	0.978 
769 	0.969 
770 	0.969 
771 	0.969 
772 	0.969 
773 	0.969 
774 	0.969 
775 	0.969 
776 	0.969 
777 	0.958 
778 	0.958 
779 	0.959 
780 	0.959 
781 	0.959 
782 	0.96 
783 	0.96 
784 	0.96 
785 	0.96 
786 	0.96 
787 	0.952 
788 	0.937 
789 	0.937 
790 	0.942 
791 	0.965 
792 	0.965 
793 	0.965 
794 	0.965 
795 	0.965 
796 	0.965 
797 	0.965 
798 	0.965 
799 	0.965 
800 	0.965 
801 	0.954 
802 	0.954 
803 	0.954 
804 	0.954 
805 	0.954 
806 	0.954 
807 	0.954 
808 	0.954 
809 	0.954 
810 	0.965 
811 	0.965 
812 	0.965 
813 	0.965 
814 	0.965 
815 	0.965 
816 	0.965 
817 	0.965 
818 	0.965 
819 	0.965 
820 	0.965 
821 	0.973 
822 	0.973 
823 	0.964 
824 	0.981 
825 	0.984 
826 	0.984 
827 	0.984 
828 	0.984 
829 	0.981 
830 	0.981 
831 	0.981 
832 	0.981 
833 	0.981 
834 	0.983 
835 	0.983 
836 	0.974 
837 	0.974 
838 	0.974 
839 	0.974 
840 	0.974 
841 	0.974 
842 	0.974 
843 	0.974 
844 	0.974 
845 	0.973 
846 	0.973 
847 	0.973 
848 	0.973 
849 	0.973 
850 	0.973 
851 	0.973 
852 	0.973 
853 	0.981 
854 	0.981 
855 	0.981 
856 	0.981 
857 	0.981 
858 	0.981 
859 	0.981 
860 	0.983 
861 	0.983 
862 	0.983 
863 	0.983 
864 	0.983 
865 	0.983 
866 	0.983 
867 	0.983 
868 	0.983 
869 	0.983 
870 	0.983 
871 	0.983 
872 	0.983 
873 	0.983 
874 	0.983 
875 	0.983 
876 	0.981 
877 	0.981 
878 	0.981 
879 	0.981 
880 	0.981 
881 	0.981 
882 	0.981 
883 	0.981 
884 	0.981 
885 	0.981 
886 	0.981 
887 	0.981 
888 	0.981 
889 	0.981 
890 	0.981 
891 	0.981 
892 	0.981 
893 	0.981 
894 	0.981 
895 	0.981 
896 	0.981 
897 	0.981 
898 	0.981 
899 	0.984 
900 	0.984 
901 	0.984 
902 	0.984 
903 	0.984 
904 	0.984 
905 	0.984 
906 	0.984 
907 	0.984 
908 	0.984 
909 	0.984 
910 	0.984 
911 	0.984 
912 	0.984 
913 	0.984 
914 	0.984 
915 	0.984 
916 	0.984 
917 	0.984 
918 	0.984 
919 	0.984 
920 	0.984 
921 	0.984 
922 	0.984 
923 	0.984 
924 	0.984 
925 	0.984 
926 	0.984 
927 	0.984 
928 	0.984 
929 	0.984 
930 	0.984 
931 	0.984 
932 	0.975 
933 	0.975 
934 	0.975 
935 	0.975 
936 	0.975 
937 	0.975 
938 	0.975 
939 	0.975 
940 	0.975 
941 	0.975 
942 	0.975 
943 	0.975 
944 	0.974 
945 	0.974 
946 	0.974 
947 	0.974 
948 	0.974 
949 	0.974 
950 	0.974 
951 	0.974 
952 	0.977 
953 	0.977 
954 	0.986 
955 	0.986 
956 	0.984 
957 	0.984 
958 	0.984 
959 	0.984 
960 	0.984 
961 	0.975 
962 	0.975 
963 	0.975 
964 	0.964 
965 	0.964 
966 	0.964 
967 	0.975 
968 	0.975 
969 	0.975 
970 	0.975 
971 	0.975 
972 	0.975 
973 	0.975 
974 	0.975 
975 	0.975 
976 	0.975 
977 	0.975 
978 	0.975 
979 	0.975 
980 	0.965 
981 	0.965 
982 	0.965 
983 	0.965 
984 	0.965 
985 	0.965 
986 	0.965 
987 	0.96 
988 	0.96 
989 	0.96 
990 	0.96 
991 	0.974 
992 	0.974 
993 	0.974 
994 	0.974 
995 	0.974 
996 	0.974 
997 	0.974 
998 	0.974 
999 	0.974 
1000 	0.974 
