*** INSTRUKCEMI RIZENY CELULARNI AUTOMAT ***

Uloha: 	SELF_ORGANIZATION
Okoli: 	MOORE
Celularni programovani: 	TRUE
Instrukce: 
310 322 323 316 317 327 324 309 321 326 
310 318 320 314 317 323 316 321 325 326 
316 320 318 322 317 319 327 314 326 321 
326 319 327 310 318 323 317 325 324 321 
326 319 327 310 323 318 317 324 325 314 
326 327 310 318 317 325 314 319 313 321 
313 326 325 327 310 321 318 317 314 319 
313 326 325 327 310 319 314 321 318 317 
313 310 326 318 325 316 327 314 323 321 
318 323 313 326 320 317 315 321 319 324 
316 320 318 322 317 319 327 314 326 321 
318 322 313 323 317 319 321 309 310 324 
319 327 310 322 317 318 324 325 314 326 
326 327 310 318 317 325 319 321 315 314 
326 327 310 318 317 325 319 321 315 314 
313 323 315 316 326 324 318 320 314 309 
313 315 316 326 324 318 320 314 309 323 
313 310 326 318 325 316 327 321 319 324 
320 321 327 318 323 324 313 316 314 322 
323 318 321 324 327 320 313 316 317 322 
318 322 313 323 310 317 327 321 309 324 
319 327 310 314 320 326 318 309 316 322 
326 327 310 318 317 325 319 321 316 322 
327 319 310 314 320 326 318 309 316 322 
323 313 315 316 326 324 318 309 319 314 
313 315 326 316 325 327 324 310 318 321 
315 316 326 324 320 321 327 318 323 313 
323 318 320 322 314 316 313 321 327 324 
323 318 320 317 327 324 313 316 321 322 
323 318 316 324 313 320 327 321 317 322 
327 319 310 314 320 326 318 309 325 317 
327 319 310 314 320 326 318 309 316 322 
327 319 310 314 320 326 318 309 316 322 
313 315 327 316 325 326 324 310 318 321 
315 316 326 325 327 324 310 318 321 313 
315 313 316 326 324 320 325 321 327 318 
323 310 327 316 326 324 314 315 313 318 
323 325 320 327 321 314 309 313 319 324 
325 320 317 322 326 319 321 314 309 313 
323 327 318 319 316 310 324 314 313 320 
327 319 310 314 320 326 318 309 316 322 
319 326 327 310 314 318 320 317 309 322 
316 326 314 310 318 327 317 322 315 309 
316 327 326 324 318 323 314 315 320 310 
314 310 327 316 326 324 318 309 313 325 
323 325 321 327 320 309 318 322 319 324 
317 322 310 319 321 314 309 313 320 323 
317 322 326 319 321 314 309 313 320 310 
319 327 310 314 320 326 309 313 316 323 
319 327 310 314 320 326 318 309 316 322 
319 326 327 310 318 314 317 320 322 309 
316 314 310 327 317 315 318 313 325 324 
326 316 314 310 327 317 315 318 313 325 
314 325 321 327 320 309 318 322 319 324 
322 309 315 326 316 314 324 323 320 325 
317 322 310 326 327 315 313 325 320 323 
309 323 326 319 320 321 322 318 324 316 
327 310 314 320 326 318 309 323 319 321 
319 327 310 314 320 326 318 309 316 323 
326 323 324 319 318 317 327 310 314 320 
316 314 310 327 317 315 318 313 325 324 
316 314 310 327 317 315 318 313 325 324 
325 321 327 320 309 318 322 314 316 310 
310 318 314 322 323 325 313 309 321 320 
313 320 322 327 323 316 315 309 317 321 
313 322 323 316 309 321 324 317 327 319 
319 310 323 314 327 320 324 318 309 326 
326 319 323 327 324 310 314 318 320 317 
319 326 327 323 310 324 314 320 318 317 
316 314 310 327 317 315 318 313 325 321 
314 316 310 327 317 315 318 313 325 324 
315 326 316 314 323 324 320 325 322 309 
310 318 316 314 323 325 317 322 320 326 
313 322 323 316 317 327 324 309 321 319 
315 309 317 313 322 323 316 321 324 327 
310 323 314 327 320 324 318 309 313 322 
326 319 327 323 310 324 314 318 320 317 
326 319 327 323 310 324 314 320 318 317 
321 313 325 326 320 314 310 327 309 316 
327 313 325 326 320 314 318 324 316 310 
313 326 325 327 310 316 317 322 320 318 

Instrukce (sebe-oprava): 
310 322 323 316 317 327 324 309 321 326 
310 318 320 314 317 323 316 321 325 326 
316 320 318 322 317 319 327 314 326 321 
326 319 327 310 318 323 317 325 324 321 
326 319 327 310 323 318 317 324 325 314 
326 327 310 318 317 325 314 319 313 321 
313 326 325 327 310 321 318 317 314 319 
313 326 325 327 310 319 314 321 318 317 
313 310 326 318 325 316 327 314 323 321 
318 323 313 326 320 317 315 321 319 324 
316 320 318 322 317 319 327 314 326 321 
318 322 313 323 317 319 321 309 310 324 
319 327 310 322 317 318 324 325 314 326 
326 327 310 318 317 325 319 321 315 314 
326 327 310 318 317 325 319 321 315 314 
313 323 315 316 326 324 318 320 314 309 
313 315 316 326 324 318 320 314 309 323 
313 310 326 318 325 316 327 321 319 324 
320 321 327 318 323 324 313 316 314 322 
323 318 321 324 327 320 313 316 317 322 
318 322 313 323 310 317 327 321 309 324 
319 327 310 314 320 326 318 309 316 322 
326 327 310 318 317 325 319 321 316 322 
327 319 310 314 320 326 318 309 316 322 
323 313 315 316 326 324 318 309 319 314 
313 315 326 316 325 327 324 310 318 321 
315 316 326 324 320 321 327 318 323 313 
323 318 320 322 314 316 313 321 327 324 
323 318 320 317 327 324 313 316 321 322 
323 318 316 324 313 320 327 321 317 322 
327 319 310 314 320 326 318 309 325 317 
327 319 310 314 320 326 318 309 316 322 
327 319 310 314 320 326 318 309 316 322 
313 315 327 316 325 326 324 310 318 321 
315 316 326 325 327 324 310 318 321 313 
315 313 316 326 324 320 325 321 327 318 
323 310 327 316 326 324 314 315 313 318 
323 325 320 327 321 314 309 313 319 324 
325 320 317 322 326 319 321 314 309 313 
323 327 318 319 316 310 324 314 313 320 
327 319 310 314 320 326 318 309 316 322 
319 326 327 310 314 318 320 317 309 322 
316 326 314 310 318 327 317 322 315 309 
316 327 326 324 318 323 314 315 320 310 
314 310 327 316 326 324 318 309 313 325 
323 325 321 327 320 309 318 322 319 324 
317 322 310 319 321 314 309 313 320 323 
317 322 326 319 321 314 309 313 320 310 
319 327 310 314 320 326 309 313 316 323 
319 327 310 314 320 326 318 309 316 322 
319 326 327 310 318 314 317 320 322 309 
316 314 310 327 317 315 318 313 325 324 
326 316 314 310 327 317 315 318 313 325 
314 325 321 327 320 309 318 322 319 324 
322 309 315 326 316 314 324 323 320 325 
317 322 310 326 327 315 313 325 320 323 
309 323 326 319 320 321 322 318 324 316 
327 310 314 320 326 318 309 323 319 321 
319 327 310 314 320 326 318 309 316 323 
326 323 324 319 318 317 327 310 314 320 
316 314 310 327 317 315 318 313 325 324 
316 314 310 327 317 315 318 313 325 324 
325 321 327 320 309 318 322 314 316 310 
310 318 314 322 323 325 313 309 321 320 
313 320 322 327 323 316 315 309 317 321 
313 322 323 316 309 321 324 317 327 319 
319 310 323 314 327 320 324 318 309 326 
326 319 323 327 324 310 314 318 320 317 
319 326 327 323 310 324 314 320 318 317 
316 314 310 327 317 315 318 313 325 321 
314 316 310 327 317 315 318 313 325 324 
315 326 316 314 323 324 320 325 322 309 
310 318 316 314 323 325 317 322 320 326 
313 322 323 316 317 327 324 309 321 319 
315 309 317 313 322 323 316 321 324 327 
310 323 314 327 320 324 318 309 313 322 
326 319 327 323 310 324 314 318 320 317 
326 319 327 323 310 324 314 320 318 317 
321 313 325 326 320 314 310 327 309 316 
327 313 325 326 320 314 318 324 316 310 
313 326 325 327 310 316 317 322 320 318 

*** PARAMETRY BEHU GA ***
247	 # dokoncena generace behu vypoctu
10	 # pocet instrukci v ramci chromozomu
515	 # pocet aplikaci operatoru krizeni od inicializace
305	 # pocet aplikaci operatoru mutace od inicializace
270	 # pocet ohodnoceni genomu od inicializace
10	 # pocet vzorku v trenovaci mnozine
9	 # rozmer mrizky vzorku z trenovaci mnoziny
10	 # pocet vzorku v trenovaci mnozine

*** CELKOVE STATISTIKY ***
1.479219s	 # doba behu vypoctu
0.065462	 # prumerne fitness od inicializace
1	 # nejlepsi fitness od inicializace

*** MEZIVYSLEDKY ***
0 	0.605 
1 	0.494 
2 	0.593 
3 	0.42 
4 	0.296 
5 	0.519 
6 	0.654 
7 	0.753 
8 	0.802 
9 	0.679 
10 	0.716 
11 	0.753 
12 	0.778 
13 	0.84 
14 	0.815 
15 	0.864 
16 	0.889 
17 	0.901 
18 	0.926 
19 	0.963 
20 	0.975 
21 	1 

*** MEZIVYSLEDKY (SEBE-OPRAVA) ***
0 	9.94 
1 	0.946 
2 	0.96 
3 	0.954 
4 	0.947 
5 	0.957 
6 	0.947 
7 	0.927 
8 	0.954 
9 	0.958 
10 	0.956 
11 	0.93 
12 	0.986 
13 	0.954 
14 	0.953 
15 	0.938 
16 	0.933 
17 	0.932 
18 	0.915 
19 	0.921 
20 	0.922 
21 	0.925 
22 	0.912 
23 	0.92 
24 	0.92 
25 	0.922 
26 	0.944 
27 	0.923 
28 	0.942 
29 	0.937 
30 	0.937 
31 	0.947 
32 	0.949 
33 	0.947 
34 	0.959 
35 	0.946 
36 	0.946 
37 	0.948 
38 	0.948 
39 	0.948 
40 	0.948 
41 	0.948 
42 	0.951 
43 	0.948 
44 	0.948 
45 	0.948 
46 	0.948 
47 	0.947 
48 	0.949 
49 	0.949 
50 	0.949 
51 	0.949 
52 	0.949 
53 	0.949 
54 	0.949 
55 	0.949 
56 	0.949 
57 	0.949 
58 	0.944 
59 	0.944 
60 	0.944 
61 	0.944 
62 	0.944 
63 	0.948 
64 	0.948 
65 	0.948 
66 	0.948 
67 	0.948 
68 	0.948 
69 	0.948 
70 	0.948 
71 	0.948 
72 	0.948 
73 	0.948 
74 	0.948 
75 	0.948 
76 	0.948 
77 	0.948 
78 	0.937 
79 	0.937 
80 	0.937 
81 	0.937 
82 	0.954 
83 	0.954 
84 	0.954 
85 	0.948 
86 	0.954 
87 	0.954 
88 	0.954 
89 	0.954 
90 	0.932 
91 	0.932 
92 	0.932 
93 	0.932 
94 	0.932 
95 	0.957 
96 	0.957 
97 	0.948 
98 	0.948 
99 	0.937 
100 	0.937 
101 	0.937 
102 	0.937 
103 	0.937 
104 	0.937 
105 	0.937 
106 	0.943 
107 	0.943 
108 	0.943 
109 	0.944 
110 	0.944 
111 	0.944 
112 	0.944 
113 	0.944 
114 	0.948 
115 	0.948 
116 	0.948 
117 	0.952 
118 	0.954 
119 	0.954 
120 	0.954 
121 	0.954 
122 	0.954 
123 	0.954 
124 	0.954 
125 	0.954 
126 	0.954 
127 	0.954 
128 	0.954 
129 	0.954 
130 	0.954 
131 	0.954 
132 	0.954 
133 	0.954 
134 	0.954 
135 	0.954 
136 	0.954 
137 	0.954 
138 	0.954 
139 	0.954 
140 	0.954 
141 	0.954 
142 	0.954 
143 	0.956 
144 	0.956 
145 	0.956 
146 	0.956 
147 	0.963 
148 	0.963 
149 	0.963 
150 	0.963 
151 	0.963 
152 	0.963 
153 	0.963 
154 	0.963 
155 	0.963 
156 	0.963 
157 	0.963 
158 	0.963 
159 	0.963 
160 	0.963 
161 	0.963 
162 	0.963 
163 	0.963 
164 	0.963 
165 	0.963 
166 	0.963 
167 	0.963 
168 	0.963 
169 	0.963 
170 	0.963 
171 	0.963 
172 	0.963 
173 	0.963 
174 	0.963 
175 	0.963 
176 	0.963 
177 	0.963 
178 	0.963 
179 	0.963 
180 	0.963 
181 	0.963 
182 	0.963 
183 	0.963 
184 	0.975 
185 	0.975 
186 	0.975 
187 	0.975 
188 	0.975 
189 	0.975 
190 	0.975 
191 	0.975 
192 	0.975 
193 	0.975 
194 	0.975 
195 	0.975 
196 	0.975 
197 	0.975 
198 	0.975 
199 	0.975 
200 	0.975 
201 	0.975 
202 	0.975 
203 	0.975 
204 	0.975 
205 	0.975 
206 	0.975 
207 	0.975 
208 	0.975 
209 	0.975 
210 	0.975 
211 	0.975 
212 	0.988 
213 	0.988 
214 	0.988 
215 	0.988 
216 	0.988 
217 	0.988 
218 	0.988 
219 	0.988 
220 	0.988 
221 	0.988 
222 	0.988 
223 	0.988 
224 	0.988 
225 	0.988 
226 	0.988 
227 	0.988 
228 	0.988 
229 	0.988 
230 	0.988 
231 	0.988 
232 	0.988 
233 	0.988 
234 	0.988 
235 	0.988 
236 	0.988 
237 	0.988 
238 	0.988 
239 	0.988 
240 	0.988 
241 	0.988 
242 	0.988 
243 	0.988 
244 	0.988 
245 	0.988 
246 	0.988 
247 	1 
