*** INSTRUKCEMI RIZENY CELULARNI AUTOMAT - ULOHA ***

14
1;2;7;4;
22222222222222
22222222222222
22222222222222
22222222222222
22222222222222
22222222222222
22222233222222
22222233222222
22222222222222
22222222222222
22222222222222
22222222222222
22222222222222
22222222222222

33333333333333
37777733444443
37777733444443
37777733444443
37777733444443
37777733444443
33333333333333
33333333333333
34444433777773
34444433777773
34444433777773
34444433777773
34444433777773
33333333333333
