*** INSTRUKCEMI RIZENY CELULARNI AUTOMAT - ULOHA ***

16
1;2;3
2222222222222222
2222222222222222
2222222222222222
2222222222222222
2222222222222222
2222222222222222
2222222222222222
2222222332222222
2222222332222222
2222222222222222
2222222222222222
2222222222222222
2222222222222222
2222222222222222
2222222222222222
2222222222222222

1111111331111111
1111111331111111
1111111331111111
1111111331111111
1111111331111111
1111111331111111
1111111331111111
3333333333333333
3333333333333333
1111111331111111
1111111331111111
1111111331111111
1111111331111111
1111111331111111
1111111331111111
1111111331111111