*** INSTRUKCEMI RIZENY CELULARNI AUTOMAT - ULOHA ***

15
0;3;2;1;
222222222222222
222222222222222
222222222222222
222222222222222
222222222222222
222222222222222
222222222222222
222222232222222
222222222222222
222222222222222
222222222222222
222222222222222
222222222222222
222222222222222
222222222222222

444444444444444
433333333333334
431111111111134
431444444444134
431433333334134
431431111134134
431431444134134
431431434134134
431431444134134
431431111134134
431433333334134
431444444444134
431111111111134
433333333333334
444444444444444
