*** INSTRUKCEMI RIZENY CELULARNI AUTOMAT - ULOHA ***

15
1;7;2;4;
222222222222222
222222222222222
222222222222222
222222222222222
222222222222222
222222222222222
222222222222222
222222212222222
222222222222222
222222222222222
222222222222222
222222222222222
222222222222222
222222222222222
222222222222222

777771111144444
777771111144444
777771111144444
777771111144444
777771111144444
777771111144444
777771111144444
777771111144444
777771111144444
777771111144444
777771111144444
777771111144444
777771111144444
777771111144444
777771111144444