*** INSTRUKCEMI RIZENY CELULARNI AUTOMAT - ULOHA ***

16
1;2;
1111111111111111
1111111111111111
1111111111111111
1111111111111111
1111111111111111
1111111111111111
1111111111111111
1111111221111111
1111111221111111
1111111111111111
1111111111111111
1111111111111111
1111111111111111
1111111111111111
1111111111111111
1111111111111111

1111111221111111
1111111221111111
1111111221111111
1111111221111111
1111111221111111
1111111221111111
1111111221111111
2222222222222222
2222222222222222
1111111221111111
1111111221111111
1111111221111111
1111111221111111
1111111221111111
1111111221111111
1111111221111111
