*** INSTRUKCEMI RIZENY CELULARNI AUTOMAT - ULOHA ***

15
1;3;4;
222222222222222
222222222222222
222222222222222
222222222222222
222222222222222
222222222222222
222222222222222
222222232222222
222222222222222
222222222222222
222222222222222
222222222222222
222222222222222
222222222222222
222222222222222

444444444444444
433333333333334
434444444444434
434333333333434
434344444443434
434343333343434
434343444343434
434343434343434
434343444343434
434343333343434
434344444443434
434333333333434
434444444444434
433333333333334
444444444444444